[ 0.          0.02013423  0.04026846  0.06040268  0.08053691  0.10067114
  0.12080537  0.1409396   0.16107383  0.18120805  0.20134228  0.22147651
  0.24161074  0.26174497  0.28187919  0.30201342  0.32214765  0.34228188
  0.36241611  0.38255034  0.40268456  0.42281879  0.44295302  0.46308725
  0.48322148  0.5033557   0.52348993  0.54362416  0.56375839  0.58389262
  0.60402685  0.62416107  0.6442953   0.66442953  0.68456376  0.70469799
  0.72483221  0.74496644  0.76510067  0.7852349   0.80536913  0.82550336
  0.84563758  0.86577181  0.88590604  0.90604027  0.9261745   0.94630872
  0.96644295  0.98657718  1.00671141  1.02684564  1.04697987  1.06711409
  1.08724832  1.10738255  1.12751678  1.14765101  1.16778523  1.18791946
  1.20805369  1.22818792  1.24832215  1.26845638  1.2885906   1.30872483
  1.32885906  1.34899329  1.36912752  1.38926174  1.40939597  1.4295302
  1.44966443  1.46979866  1.48993289  1.51006711  1.53020134  1.55033557
  1.5704698   1.59060403  1.61073826  1.63087248  1.65100671  1.67114094
  1.69127517  1.7114094   1.73154362  1.75167785  1.77181208  1.79194631
  1.81208054  1.83221477  1.85234899  1.87248322  1.89261745  1.91275168
  1.93288591  1.95302013  1.97315436  1.99328859  2.01342282  2.03355705
  2.05369128  2.0738255   2.09395973  2.11409396  2.13422819  2.15436242
  2.17449664  2.19463087  2.2147651   2.23489933  2.25503356  2.27516779
  2.29530201  2.31543624  2.33557047  2.3557047   2.37583893  2.39597315
  2.41610738  2.43624161  2.45637584  2.47651007  2.4966443   2.51677852
  2.53691275  2.55704698  2.57718121  2.59731544  2.61744966  2.63758389
  2.65771812  2.67785235  2.69798658  2.71812081  2.73825503  2.75838926
  2.77852349  2.79865772  2.81879195  2.83892617  2.8590604   2.87919463
  2.89932886  2.91946309  2.93959732  2.95973154  2.97986577  3.        ] [ 0.          0.02013423  0.04026846  0.06040268  0.08053691  0.10067114
  0.12080537  0.1409396   0.16107383  0.18120805  0.20134228  0.22147651
  0.24161074  0.26174497  0.28187919  0.30201342  0.32214765  0.34228188
  0.36241611  0.38255034  0.40268456  0.42281879  0.44295302  0.46308725
  0.48322148  0.5033557   0.52348993  0.54362416  0.56375839  0.58389262
  0.60402685  0.62416107  0.6442953   0.66442953  0.68456376  0.70469799
  0.72483221  0.74496644  0.76510067  0.7852349   0.80536913  0.82550336
  0.84563758  0.86577181  0.88590604  0.90604027  0.9261745   0.94630872
  0.96644295  0.98657718  1.00671141  1.02684564  1.04697987  1.06711409
  1.08724832  1.10738255  1.12751678  1.14765101  1.16778523  1.18791946
  1.20805369  1.22818792  1.24832215  1.26845638  1.2885906   1.30872483
  1.32885906  1.34899329  1.36912752  1.38926174  1.40939597  1.4295302
  1.44966443  1.46979866  1.48993289  1.51006711  1.53020134  1.55033557
  1.5704698   1.59060403  1.61073826  1.63087248  1.65100671  1.67114094
  1.69127517  1.7114094   1.73154362  1.75167785  1.77181208  1.79194631
  1.81208054  1.83221477  1.85234899  1.87248322  1.89261745  1.91275168
  1.93288591  1.95302013  1.97315436  1.99328859  2.01342282  2.03355705
  2.05369128  2.0738255   2.09395973  2.11409396  2.13422819  2.15436242
  2.17449664  2.19463087  2.2147651   2.23489933  2.25503356  2.27516779
  2.29530201  2.31543624  2.33557047  2.3557047   2.37583893  2.39597315
  2.41610738  2.43624161  2.45637584  2.47651007  2.4966443   2.51677852
  2.53691275  2.55704698  2.57718121  2.59731544  2.61744966  2.63758389
  2.65771812  2.67785235  2.69798658  2.71812081  2.73825503  2.75838926
  2.77852349  2.79865772  2.81879195  2.83892617  2.8590604   2.87919463
  2.89932886  2.91946309  2.93959732  2.95973154  2.97986577  3.        ] [[ 1.      1.      1.     ...,  4.82    4.88    4.94  ]
 [ 1.04    1.0396  1.0392 ...,  4.7848  4.8432  4.9016]
 [ 1.08    1.0792  1.0784 ...,  4.7496  4.8064  4.8632]
 ..., 
 [ 4.12    4.1352  4.1504 ...,  2.8308  2.8672  2.9036]
 [ 4.08    4.0968  4.1136 ...,  2.8472  2.8848  2.9224]
 [ 4.04    4.0584  4.0768 ...,  2.8636  2.9024  2.9412]]
