[ 0.          0.04477612  0.08955224  0.13432836  0.17910448  0.2238806
  0.26865672  0.31343284  0.35820896  0.40298507  0.44776119  0.49253731
  0.53731343  0.58208955  0.62686567  0.67164179  0.71641791  0.76119403
  0.80597015  0.85074627  0.89552239  0.94029851  0.98507463  1.02985075
  1.07462687  1.11940299  1.1641791   1.20895522  1.25373134  1.29850746
  1.34328358  1.3880597   1.43283582  1.47761194  1.52238806  1.56716418
  1.6119403   1.65671642  1.70149254  1.74626866  1.79104478  1.8358209
  1.88059701  1.92537313  1.97014925  2.01492537  2.05970149  2.10447761
  2.14925373  2.19402985  2.23880597  2.28358209  2.32835821  2.37313433
  2.41791045  2.46268657  2.50746269  2.55223881  2.59701493  2.64179104
  2.68656716  2.73134328  2.7761194   2.82089552  2.86567164  2.91044776
  2.95522388  3.        ] [ 0.          0.04477612  0.08955224  0.13432836  0.17910448  0.2238806
  0.26865672  0.31343284  0.35820896  0.40298507  0.44776119  0.49253731
  0.53731343  0.58208955  0.62686567  0.67164179  0.71641791  0.76119403
  0.80597015  0.85074627  0.89552239  0.94029851  0.98507463  1.02985075
  1.07462687  1.11940299  1.1641791   1.20895522  1.25373134  1.29850746
  1.34328358  1.3880597   1.43283582  1.47761194  1.52238806  1.56716418
  1.6119403   1.65671642  1.70149254  1.74626866  1.79104478  1.8358209
  1.88059701  1.92537313  1.97014925  2.01492537  2.05970149  2.10447761
  2.14925373  2.19402985  2.23880597  2.28358209  2.32835821  2.37313433
  2.41791045  2.46268657  2.50746269  2.55223881  2.59701493  2.64179104
  2.68656716  2.73134328  2.7761194   2.82089552  2.86567164  2.91044776
  2.95522388  3.        ] [[ 2.          2.019804    2.039232    2.058308    2.077056    2.0955
   2.113664    2.131572    2.149248    2.166716    2.184       2.201124
   2.218112    2.234988    2.251776    2.2685      2.285184    2.301852
   2.318528    2.335236    2.352       2.368844    2.385792    2.402868
   2.420096    2.4375      2.455104    2.472932    2.491008    2.509356
   2.528       2.546964    2.566272    2.585948    2.606016    2.6265
   2.647424    2.668812    2.690688    2.713076    2.736       2.759484
   2.783552    2.808228    2.833536    2.8595      2.886144    2.913492
   2.941568    2.970396    3.          3.030404    3.061632    3.093708
   3.126656    3.1605      3.195264    3.230972    3.267648    3.305316
   3.344       3.383724    3.424512    3.466388    3.509376    3.5535
   3.598784    3.645252  ]
 [ 2.011776    2.03117008  2.05014195  2.0687175   2.0869226   2.10478311
   2.12232491  2.13957387  2.15655587  2.17329678  2.18982246  2.2061588
   2.22233166  2.23836692  2.25429045  2.27012812  2.2859058   2.30164937
   2.31738469  2.33313765  2.34893411  2.36479995  2.38076103  2.39684324
   2.41307244  2.4294745   2.4460753   2.46290071  2.4799766   2.49732885
   2.51498333  2.5329659   2.55130245  2.57001884  2.58914095  2.60869464
   2.6287058   2.64920029  2.67020399  2.69174277  2.7138425   2.73652905
   2.75982829  2.78376611  2.80836836  2.83366093  2.85966969  2.8864205
   2.91393924  2.94225178  2.971384    3.00136177  3.03221095  3.06395743
   3.09662707  3.13024575  3.16483934  3.2004337   3.23705473  3.27472828
   3.31348022  3.35333644  3.3943228   3.43646518  3.47978945  3.52432148
   3.57008714  3.6171123 ]
 [ 2.027008    2.04601888  2.06456116  2.08266248  2.1003505   2.11765286
   2.13459723  2.15121125  2.16752257  2.18355884  2.19934771  2.21491684
   2.23029388  2.24550647  2.26058227  2.27554893  2.2904341   2.30526543
   2.32007057  2.33487718  2.3497129   2.36460538  2.37958228  2.39467125
   2.40989994  2.425296    2.44088708  2.45670083  2.4727649   2.48910695
   2.50575462  2.52273557  2.54007745  2.5578079   2.57595459  2.59454515
   2.61360725  2.63316853  2.65325664  2.67389924  2.69512397  2.71695849
   2.73943045  2.76256749  2.78639728  2.81094746  2.83624568  2.86231959
   2.88919685  2.9169051   2.945472    2.9749252   3.00529234  3.03660109
   3.06887909  3.10215398  3.13645344  3.17180509  3.2082366   3.24577562
   3.28444979  3.32428677  3.36531422  3.40755977  3.45105108  3.49581581
   3.5418816   3.5892761 ]
 [ 2.045552    2.06420524  2.08234331  2.09999555  2.11719131  2.13395992
   2.15033071  2.16633303  2.18199621  2.1973496   2.21242253  2.22724434
   2.24184436  2.25625194  2.27049642  2.28460713  2.29861341  2.31254461
   2.32643005  2.34029907  2.35418102  2.36810524  2.38210106  2.39619781
   2.41042485  2.4248115   2.43938711  2.45418101  2.46922254  2.48454104
   2.50016586  2.51612631  2.53245176  2.54917153  2.56631496  2.58391139
   2.60199016  2.6205806   2.63971207  2.65941388  2.67971539  2.70064593
   2.72223484  2.74451146  2.76750512  2.79124516  2.81576093  2.84108176
   2.86723699  2.89425596  2.922168    2.95100246  2.98078867  3.01155597
   3.0433337   3.0761512   3.1100378   3.14502285  3.18113568  3.21840563
   3.25686205  3.29653426  3.33745161  3.37964343  3.42313906  3.46796785
   3.51415913  3.56174223]
 [ 2.067264    2.08558397  2.10334211  2.12056936  2.13729665  2.15355491
   2.16937509  2.18478812  2.19982495  2.21451649  2.2288937   2.2429875
   2.25682884  2.27044865  2.28387786  2.29714742  2.31028827  2.32333132
   2.33630754  2.34924784  2.36218317  2.37514446  2.38816265  2.40126868
   2.41449349  2.427868    2.44142316  2.4551899   2.46919916  2.48348188
   2.49806899  2.51299143  2.52828014  2.54396605  2.56008009  2.57665322
   2.59371635  2.61130043  2.6294364   2.64815519  2.66748774  2.68746499
   2.70811786  2.72947731  2.75157426  2.77443965  2.79810442  2.8225995
   2.84795583  2.87420435  2.901376    2.92950171  2.95861241  2.98873905
   3.01991256  3.05216387  3.08552393  3.12002367  3.15569403  3.19256594
   3.23067034  3.27003816  3.31070035  3.35268784  3.39603157  3.44076246
   3.48691147  3.53450953]
 [ 2.092       2.11000991  2.12741126  2.14423652  2.16051811  2.1762885
   2.19158013  2.20642544  2.2208569   2.23490693  2.248608    2.26199255
   2.27509302  2.28794188  2.30057155  2.3130145   2.32530317  2.33747
   2.34954746  2.36156797  2.373564    2.38556799  2.39761238  2.40972964
   2.42195219  2.4343125   2.44684301  2.45957616  2.47254442  2.48578021
   2.499316    2.51318423  2.52741734  2.5420478   2.55710803  2.5726305
   2.58864765  2.60519192  2.62229578  2.63999165  2.658312    2.67728927
   2.6969559   2.71734436  2.73848707  2.7604165   2.78316509  2.80676528
   2.83124954  2.85665029  2.883       2.91033111  2.93867606  2.96806732
   2.99853731  3.0301185   3.06284333  3.09674424  3.1318537   3.16820413
   3.205828    3.24475775  3.28502582  3.32666468  3.36970675  3.4141845
   3.46013037  3.5075768 ]
 [ 2.119616    2.13733787  2.15440446  2.17084965  2.18670732  2.20201133
   2.21679556  2.23109389  2.2449402   2.25836835  2.27141222  2.2841057
   2.29648264  2.30857693  2.32042245  2.33205306  2.34350264  2.35480507
   2.36599422  2.37710397  2.38816819  2.39922076  2.41029555  2.42142644
   2.43264729  2.443992    2.45549443  2.46718845  2.47910794  2.49128679
   2.50375885  2.51655801  2.52971814  2.54327311  2.55725681  2.5717031
   2.58664587  2.60211898  2.61815631  2.63479174  2.65205914  2.66999238
   2.68862534  2.7079919   2.72812594  2.74906131  2.77083191  2.7934716
   2.81701426  2.84149377  2.866944    2.89339882  2.92089212  2.94945776
   2.97912961  3.00994157  3.04192749  3.07512126  3.10955675  3.14526783
   3.18228838  3.22065228  3.2603934   3.30154561  3.34414279  3.38821882
   3.43380756  3.4809429 ]
 [ 2.149968    2.16742268  2.18417541  2.2002614   2.21571587  2.23057404
   2.24487114  2.25864238  2.27192298  2.28474817  2.29715315  2.30917316
   2.32084341  2.33219911  2.3432755   2.35410779  2.3647312   2.37518094
   2.38549225  2.39570033  2.40584042  2.41594772  2.42605746  2.43620485
   2.44642513  2.4567535   2.46722519  2.47787541  2.48873939  2.49985235
   2.5112495   2.52296607  2.53503728  2.54749833  2.56038447  2.57373089
   2.58757283  2.60194551  2.61688413  2.63242393  2.64860013  2.66544793
   2.68300257  2.70129926  2.72037322  2.74025968  2.76099384  2.78261093
   2.80514618  2.82863479  2.853112    2.87861301  2.90517306  2.93282735
   2.96161111  2.99155956  3.02270792  3.05509141  3.08874524  3.12370464
   3.16000483  3.19768103  3.23676845  3.27730232  3.31931785  3.36285027
   3.40793479  3.45460664]
 [ 2.182912    2.20011917  2.2165778   2.23232437  2.24739538  2.2618273
   2.27565661  2.28891982  2.30165339  2.31389381  2.32567757  2.33704115
   2.34802104  2.35865372  2.36897568  2.37902339  2.38883335  2.39844205
   2.40788595  2.41720156  2.42642534  2.4355938   2.44474341  2.45391066
   2.46313202  2.472444    2.48188307  2.49148571  2.50128841  2.51132766
   2.52163994  2.53226173  2.54322952  2.55457979  2.56634903  2.57857373
   2.59129036  2.60453541  2.61834537  2.63275672  2.64780595  2.66352954
   2.67996397  2.69714573  2.71511131  2.73389718  2.75353984  2.77407577
   2.79554145  2.81797336  2.841408    2.86588184  2.89143138  2.91809309
   2.94590346  2.97489898  3.00511612  3.03659138  3.06936124  3.10346218
   3.13893069  3.17580325  3.21411635  3.25390647  3.29521009  3.33806371
   3.3825038   3.42856686]
 [ 2.218304    2.23528215  2.25146533  2.26689121  2.28159745  2.29562173
   2.30900173  2.3217751   2.33397954  2.3456527   2.35683226  2.36755589
   2.37786126  2.38778605  2.39736793  2.40664456  2.41565363  2.4244328
   2.43301975  2.44145214  2.44976765  2.45800395  2.46619871  2.47438961
   2.48261432  2.4909105   2.49931583  2.50786799  2.51660464  2.52556346
   2.53478211  2.54429828  2.55414962  2.56437382  2.57500855  2.58609148
   2.59766027  2.60975261  2.62240616  2.63565859  2.64954758  2.66411081
   2.67938593  2.69541063  2.71222257  2.72985943  2.74835888  2.76775859
   2.78809623  2.80940948  2.831736    2.85511347  2.87957957  2.90517195
   2.9319283   2.95988629  2.98908359  3.01955786  3.05134679  3.08448805
   3.1190193   3.15497821  3.19240247  3.23132974  3.27179769  3.313844
   3.35750634  3.40282238]
 [ 2.256       2.27276646  2.28869171  2.30381453  2.3181737   2.331808
   2.34475622  2.35705715  2.36874957  2.37987226  2.390464    2.40056358
   2.41020979  2.41944141  2.42829722  2.436816    2.44503654  2.45299763
   2.46073805  2.46829658  2.475712    2.4830231   2.49026867  2.49748749
   2.50471834  2.512       2.51937126  2.52687091  2.53453773  2.5424105
   2.550528    2.55892902  2.56765235  2.57673677  2.58622106  2.596144
   2.60654438  2.61746099  2.62893261  2.64099802  2.653696    2.66706534
   2.68114483  2.69597325  2.71158938  2.728032    2.7453399   2.76355187
   2.78270669  2.80284314  2.824       2.84621606  2.86953011  2.89398093
   2.9196073   2.946448    2.97454182  3.00392755  3.03464397  3.06672986
   3.100224    3.13516518  3.17159219  3.20954381  3.24905882  3.290176
   3.33293414  3.37737203]
 [ 2.295856    2.31242692  2.32811063  2.34294696  2.35697572  2.37023675
   2.38276986  2.39461487  2.40581161  2.41639991  2.42641958  2.43591046
   2.44491235  2.45346509  2.4616085   2.4693824   2.47682661  2.48398096
   2.49088527  2.49757937  2.50410307  2.51049621  2.51679859  2.52305005
   2.52929042  2.5355595   2.54189713  2.54834313  2.55493732  2.56171952
   2.56872957  2.57600727  2.58359246  2.59152496  2.59984458  2.60859116
   2.61780452  2.62752448  2.63779086  2.64864348  2.66012218  2.67226676
   2.68511706  2.6987129   2.71309411  2.72830049  2.74437189  2.76134811
   2.77926899  2.79817434  2.818104    2.83909778  2.8611955   2.884437
   2.90886209  2.93451059  2.96142233  2.98963713  3.01919482  3.05013522
   3.08249814  3.11632343  3.15165088  3.18852034  3.22697163  3.26704456
   3.30877896  3.35221465]
 [ 2.337728    2.35411835  2.3695758   2.38414113  2.39785514  2.41075862
   2.42289237  2.43429717  2.44501381  2.45508309  2.46454579  2.47344272
   2.48181465  2.48970239  2.49714673  2.50418845  2.51086834  2.51722721
   2.52330584  2.52914501  2.53478554  2.54026819  2.54563378  2.55092308
   2.55617689  2.561436    2.5667412   2.57213329  2.57765306  2.58334129
   2.58923878  2.59538633  2.60182471  2.60859473  2.61573717  2.62329283
   2.6313025   2.63980697  2.64884703  2.65846347  2.66869709  2.67958867
   2.69117901  2.7035089   2.71661913  2.7305505   2.74534378  2.76103979
   2.77767929  2.7953031   2.813952    2.83366678  2.85448823  2.87645715
   2.89961432  2.92400054  2.9496566   2.9766233   3.00494141  3.03465174
   3.06579507  3.0984122   3.13254392  3.16823102  3.20551429  3.24443453
   3.28503252  3.32734905]
 [ 2.381472    2.39769558  2.4129409   2.42724966  2.44066356  2.45322428
   2.46497351  2.47595294  2.48620428  2.4957692   2.50468941  2.51300659
   2.52076243  2.52799862  2.53475687  2.54107885  2.54700627  2.5525808
   2.55784415  2.56283801  2.56760406  2.57218401  2.57661953  2.58095233
   2.58522408  2.5894765   2.59375126  2.59809006  2.60253459  2.60712655
   2.61190762  2.61691949  2.62220386  2.62780242  2.63375686  2.64010887
   2.64690014  2.65417237  2.66196725  2.67032647  2.67929171  2.68890468
   2.69920706  2.71024055  2.72204683  2.7346676   2.74814456  2.76251938
   2.77783377  2.79412941  2.811448    2.82983123  2.84932079  2.86995837
   2.89178566  2.91484436  2.93917615  2.96482273  2.9918258   3.02022703
   3.05006813  3.08139078  3.11423668  3.14864752  3.18466498  3.22233077
   3.26168657  3.30277408]
 [ 2.426944    2.44301342  2.45805964  2.47212519  2.48525258  2.49748435
   2.50886302  2.51943112  2.52923116  2.53830569  2.54669722  2.55444827
   2.56160138  2.56819908  2.57428387  2.5798983   2.58508489  2.58988616
   2.59434464  2.59850285  2.60240333  2.60608859  2.60960116  2.61298357
   2.61627834  2.619528    2.62277507  2.62606209  2.62943157  2.63292604
   2.63658803  2.64046006  2.64458467  2.64900436  2.65376168  2.65889914
   2.66445927  2.6704846   2.67701765  2.68410095  2.69177702  2.7000884
   2.7090776   2.71878715  2.72925958  2.74053741  2.75266317  2.76567938
   2.77962857  2.79455327  2.810496    2.82749929  2.84560565  2.86485763
   2.88529774  2.90696851  2.92991247  2.95417213  2.97979004  3.0068087
   3.03527066  3.06521842  3.09669453  3.1297415   3.16440186  3.20071814
   3.23873287  3.27848856]
 [ 2.474       2.48992672  2.50478573  2.51862033  2.53147382  2.5433895
   2.55441066  2.56458059  2.57394259  2.58253996  2.590416    2.597614
   2.60417725  2.61014905  2.6155727   2.6204915   2.62494874  2.62898771
   2.63265171  2.63598404  2.639028    2.64182688  2.64442397  2.64686257
   2.64918598  2.6514375   2.65366042  2.65589803  2.65819363  2.66059052
   2.663132    2.66586136  2.66882189  2.67205689  2.67560966  2.6795235
   2.6838417   2.68860755  2.69386435  2.6996554   2.706024    2.71301344
   2.72066701  2.72902801  2.73813974  2.7480455   2.75878858  2.77041227
   2.78295987  2.79647468  2.811       2.82657912  2.84325533  2.86107193
   2.88007222  2.9002995   2.92179706  2.94460819  2.96877619  2.99434436
   3.021356    3.0498544   3.07988285  3.11148465  3.1447031   3.1795815
   3.21616314  3.25449131]
 [ 2.522496    2.53829028  2.55297285  2.56658772  2.57917889  2.59079037
   2.60146616  2.61125027  2.6201867   2.62831945  2.63569254  2.64234997
   2.64833574  2.65369385  2.65846832  2.66270314  2.66644232  2.66972987
   2.67260978  2.67512608  2.67732275  2.67924381  2.68093326  2.68243511
   2.68379335  2.685052    2.68625506  2.68744653  2.68867043  2.68997074
   2.69139149  2.69297667  2.69477029  2.69681635  2.69915886  2.70184182
   2.70490925  2.70840513  2.71237349  2.71685831  2.72190362  2.7275534
   2.73385168  2.74084244  2.74856971  2.75707747  2.76640974  2.77661053
   2.78772383  2.79979365  2.812864    2.82697888  2.8421823   2.85851825
   2.87603075  2.89476381  2.91476142  2.93606759  2.95872632  2.98278162
   3.0082775   3.03525796  3.06376701  3.09384864  3.12554687  3.1589057
   3.19396913  3.23078117]
 [ 2.572288    2.58795893  2.60247471  2.61587997  2.62821939  2.6395376
   2.64987928  2.65928906  2.66781161  2.67549158  2.68237363  2.68850241
   2.69392257  2.69867877  2.70281567  2.70637791  2.70941015  2.71195706
   2.71406327  2.71577345  2.71713226  2.71818433  2.71897434  2.71954694
   2.71994677  2.7202185   2.72040678  2.72055626  2.7207116   2.72091745
   2.72121846  2.7216593   2.72228462  2.72313907  2.7242673   2.72571397
   2.72752374  2.72974126  2.73241118  2.73557816  2.73928685  2.74358191
   2.74850799  2.75410975  2.76043184  2.76751892  2.77541563  2.78416665
   2.79381661  2.80441017  2.815992    2.82860674  2.84229905  2.85711358
   2.87309498  2.89028792  2.90873705  2.92848702  2.94958248  2.97206809
   2.99598851  3.02138839  3.04831238  3.07680514  3.10691133  3.13867559
   3.17214258  3.20735696]
 [ 2.623232    2.63878751  2.653145    2.66634973  2.67844693  2.68948186
   2.69949976  2.70854588  2.71666547  2.72390378  2.73030605  2.73591753
   2.74078347  2.74494911  2.74845971  2.75136051  2.75369676  2.7555137
   2.75685659  2.75777067  2.75830118  2.75849339  2.75839252  2.75804384
   2.75749258  2.756784    2.75596334  2.75507586  2.75416679  2.75328139
   2.7524649   2.75176257  2.75121965  2.75088138  2.75079302  2.75099981
   2.75154699  2.75247983  2.75384355  2.75568342  2.75804467  2.76097256
   2.76451233  2.76870924  2.77360852  2.77925542  2.7856952   2.7929731
   2.80113437  2.81022425  2.820288    2.83137086  2.84351807  2.85677489
   2.87118656  2.88679834  2.90365546  2.92180317  2.94128673  2.96215138
   2.98444237  3.00820494  3.03348435  3.06032583  3.08877464  3.11887603
   3.15067524  3.18421752]
 [ 2.675184    2.69063083  2.70483743  2.7178496   2.72971312  2.74047377
   2.75017735  2.75886963  2.7665964   2.77340346  2.77933658  2.78444155
   2.78876415  2.79235018  2.79524541  2.79749564  2.79914665  2.80024423
   2.80083416  2.80096222  2.80067421  2.8000159   2.7990331   2.79777157
   2.79627711  2.7945955   2.79277253  2.79085398  2.78888565  2.78691331
   2.78498275  2.78313976  2.78143013  2.77989963  2.77859406  2.7775592
   2.77684083  2.77648475  2.77653674  2.77704258  2.77804806  2.77959897
   2.78174109  2.78452021  2.78798212  2.79217259  2.79713742  2.80292239
   2.80957328  2.81713589  2.825656    2.83517939  2.84575186  2.85741918
   2.87022714  2.88422153  2.89944814  2.91595274  2.93378113  2.9529791
   2.97359242  2.99566688  3.01924827  3.04438238  3.07111499  3.09949188
   3.12955885  3.16136168]
 [ 2.728       2.74334371  2.7574057   2.77023222  2.78186957  2.792364
   2.80176179  2.81010922  2.81745254  2.82383805  2.829312    2.83392067
   2.83771034  2.84072726  2.84301773  2.844628    2.84560435  2.84599306
   2.84584038  2.84519261  2.844096    2.84259683  2.84074138  2.8385759
   2.83614669  2.8335      2.83068211  2.8277393   2.82471782  2.82166397
   2.818624    2.81564419  2.81277082  2.81005014  2.80752845  2.805252
   2.80326707  2.80161994  2.80035686  2.79952413  2.799168    2.79933475
   2.80007066  2.80142198  2.80343501  2.806156    2.80963123  2.81390698
   2.8190295   2.82504509  2.832       2.83994051  2.8489129   2.85896342
   2.87013837  2.882484    2.89604659  2.91087242  2.92700774  2.94449885
   2.963392    2.98373347  3.00556954  3.02894646  3.05391053  3.080508
   3.10878515  3.13878826]
 [ 2.781536    2.79678099  2.81070349  2.82335022  2.83476789  2.84500319
   2.85410284  2.86211355  2.86908202  2.87505497  2.8800791   2.88420113
   2.88746774  2.88992567  2.89162161  2.89260228  2.89291437  2.89260461
   2.89171969  2.89030633  2.88841123  2.88608111  2.88336266  2.88030261
   2.87694765  2.8733445   2.86953986  2.86558044  2.86151296  2.85738411
   2.85324061  2.84912916  2.84509648  2.84118926  2.83745423  2.83393808
   2.83068753  2.82774929  2.82517005  2.82299654  2.82127546  2.82005351
   2.81937741  2.81929386  2.81984957  2.82109125  2.82306561  2.82581936
   2.8293992   2.83385184  2.839224    2.84556237  2.85291368  2.86132461
   2.87084189  2.88151223  2.89338232  2.90649888  2.92090862  2.93665825
   2.95379446  2.97236398  2.99241351  3.01398976  3.03713943  3.06190924
   3.08834589  3.11649609]
 [ 2.835648    2.85079748  2.86458452  2.87705622  2.88825968  2.89824198
   2.90705024  2.91473154  2.92133298  2.92690166  2.93148467  2.93512912
   2.9378821   2.9397907   2.94090202  2.94126317  2.94092123  2.9399233
   2.93831649  2.93614788  2.93346458  2.93031367  2.92674227  2.92279745
   2.91852633  2.913976    2.90919355  2.90422609  2.8991207   2.89392448
   2.88868454  2.88344797  2.87826187  2.87317332  2.86822944  2.86347731
   2.85896404  2.85473671  2.85084244  2.8473283   2.84424141  2.84162885
   2.83953773  2.83801514  2.83710817  2.83686394  2.83732952  2.83855202
   2.84057854  2.84345616  2.847232    2.85195314  2.85766669  2.86441973
   2.87225937  2.8812327   2.89138683  2.90276884  2.91542583  2.9294049
   2.94475315  2.96151768  2.97974557  2.99948393  3.02077986  3.04368045
   3.06823279  3.094484  ]
 [ 2.890192    2.90524801  2.91890249  2.93120285  2.94219656  2.95193104
   2.96045373  2.96781209  2.97405354  2.97922552  2.98337549  2.98655087
   2.98879911  2.99016765  2.99070392  2.99045537  2.98946944  2.98779357
   2.9854752   2.98256176  2.9791007   2.97513947  2.97072549  2.9659062
   2.96072906  2.9552415   2.94949096  2.94352487  2.93739069  2.93113584
   2.92480778  2.91845393  2.91212174  2.90585866  2.89971211  2.89372955
   2.8879584   2.88244612  2.87724014  2.87238789  2.86793683  2.86393439
   2.86042801  2.85746513  2.8550932   2.85335964  2.85231191  2.85199744
   2.85246367  2.85375804  2.855928    2.85902098  2.86308442  2.86816576
   2.87431245  2.88157192  2.88999161  2.89961896  2.91050142  2.92268642
   2.93622141  2.95115382  2.96753109  2.98540067  3.00480999  3.02580649
   3.04843762  3.07275081]
 [ 2.945024    2.95998741  2.97351108  2.98564274  2.99643013  3.00592099
   3.01416307  3.0212041   3.02709183  3.031874    3.03559834  3.03831259
   3.0400645   3.04090181  3.04087226  3.04002358  3.03840353  3.03605983
   3.03304023  3.02939247  3.02516429  3.02040343  3.01515763  3.00947463
   3.00340217  2.996988    2.99027985  2.98332546  2.97617257  2.96886893
   2.96146227  2.95400034  2.94653087  2.93910161  2.93176029  2.92455466
   2.91753245  2.91074141  2.90422928  2.8980438   2.8922327   2.88684374
   2.88192464  2.87752315  2.87368702  2.87046397  2.86790175  2.86604811
   2.86495077  2.86465749  2.865216    2.86667404  2.86907936  2.87247969
   2.87692277  2.88245635  2.88912817  2.89698595  2.90607746  2.91645042
   2.92815258  2.94123167  2.95573544  2.97171163  2.98920798  3.00827222
   3.02895211  3.05129537]
 [ 3.          3.0148705   3.028264    3.0402285   3.050812    3.0600625
   3.068028    3.0747565   3.080296    3.0846945   3.088       3.0902605
   3.091524    3.0918385   3.091252    3.0898125   3.087568    3.0845665
   3.080856    3.0764845   3.0715      3.0659505   3.059884    3.0533485
   3.046392    3.0390625   3.031408    3.0234765   3.015316    3.0069745
   2.9985      2.9899405   2.981344    2.9727585   2.964232    2.9558125
   2.947548    2.9394865   2.931676    2.9241645   2.917       2.9102305
   2.903904    2.8980685   2.892772    2.8880625   2.883988    2.8805965
   2.877936    2.8760545   2.875       2.8748205   2.875564    2.8772785
   2.880012    2.8838125   2.888728    2.8948065   2.902096    2.9106445
   2.9205      2.9317105   2.944324    2.9583885   2.973952    2.9910625
   3.009768    3.0301165 ]
 [ 3.054976    3.0697521   3.08301495  3.09481277  3.10519378  3.11420621
   3.12189827  3.12831818  3.13351417  3.13753446  3.14042726  3.14224081
   3.14302332  3.14282301  3.1416881   3.13966682  3.13680738  3.13315801
   3.12876693  3.12368235  3.11795251  3.11162562  3.1047499   3.09737358
   3.08954487  3.081312    3.07272319  3.06382665  3.05467061  3.0453033
   3.03577293  3.02612772  3.0164159   3.00668568  2.99698529  2.98736294
   2.97786687  2.96854529  2.95944642  2.95061848  2.9421097   2.93396829
   2.92624248  2.91898048  2.91223053  2.90604083  2.90045962  2.89553511
   2.89131552  2.88784908  2.885184    2.88336851  2.88245083  2.88247918
   2.88350178  2.88556685  2.88872261  2.89301729  2.8984991   2.90521628
   2.91321702  2.92254957  2.93326214  2.94540295  2.95902022  2.97416218
   2.99087704  3.00921302]
 [ 3.109808    3.12448704  3.13761763  3.14924818  3.15942709  3.16820276
   3.17562362  3.18173805  3.18659448  3.19024129  3.19272691  3.19409974
   3.19440817  3.19370063  3.19202551  3.18943123  3.18596618  3.18167878
   3.17661742  3.17083053  3.1643665   3.15727373  3.14960065  3.14139564
   3.13270712  3.1235835   3.11407318  3.10422456  3.09408606  3.08370608
   3.07313302  3.0624153   3.05160131  3.04073947  3.02987818  3.01906585
   3.00835088  2.99778168  2.98740666  2.97727422  2.96743277  2.95793071
   2.94881645  2.94013841  2.93194497  2.92428456  2.91720557  2.91075641
   2.90498549  2.89994122  2.895672    2.89222624  2.88965234  2.88799871
   2.88731375  2.88764588  2.8890435   2.89155502  2.89522883  2.90011335
   2.90625699  2.91370815  2.92251523  2.93272665  2.94439081  2.95755611
   2.97227096  2.98858377]
 [ 3.164352    3.17893014  3.19192574  3.20338734  3.21336352  3.22190282
   3.2290538   3.23486503  3.23938505  3.24266243  3.24474573  3.2456835
   3.24552429  3.24431667  3.2421092   3.23895043  3.23488892  3.22997323
   3.22425191  3.21777352  3.21058662  3.20273977  3.19428153  3.18526045
   3.17572508  3.165724    3.15530575  3.14451889  3.13341199  3.12203359
   3.11043226  3.09865655  3.08675502  3.07477623  3.06276873  3.05078109
   3.03886186  3.02705959  3.01542286  3.0040002   2.99284019  2.98199138
   2.97150232  2.96142158  2.95179771  2.94267926  2.93411481  2.9261529
   2.91884209  2.91223093  2.906368    2.90130184  2.89708101  2.89375407
   2.89136958  2.8899761   2.88962217  2.89035637  2.89222724  2.89528335
   2.89957325  2.9051455   2.91204866  2.92033128  2.93004193  2.94122915
   2.95394152  2.96822758]
 [ 3.218464    3.23293623  3.24579297  3.25708289  3.26685468  3.27515701
   3.28203856  3.28754801  3.29173403  3.2946453   3.2963305   3.2968383
   3.29621739  3.29451644  3.29178412  3.28806912  3.28342012  3.27788578
   3.27151479  3.26435583  3.25645757  3.24786869  3.23863786  3.22881377
   3.21844509  3.2075805   3.19626868  3.1845583   3.17249804  3.16013658
   3.14752259  3.13470476  3.12173176  3.10865227  3.09551496  3.08236852
   3.06926161  3.05624293  3.04336113  3.03066491  3.01820294  3.0060239
   2.99417646  2.98270931  2.97167111  2.96111055  2.9510763   2.94161705
   2.93278146  2.92461822  2.917176    2.91050348  2.90464934  2.89966226
   2.89559091  2.89248397  2.89039012  2.88935803  2.88943639  2.89067386
   2.89311914  2.89682088  2.90182778  2.90818851  2.91595175  2.92516616
   2.93588044  2.94814326]
 [ 3.272       3.28636013  3.29907302  3.31018746  3.31975219  3.327816
   3.33442765  3.3396359   3.34348954  3.34603731  3.347328    3.34741037
   3.34633318  3.34414522  3.34089523  3.336632    3.33140429  3.32526086
   3.3182505   3.31042195  3.301824    3.29250541  3.28251494  3.27190138
   3.26071347  3.249       3.23680973  3.22419142  3.21119386  3.19786579
   3.184256    3.17041325  3.1563863   3.14222394  3.12797491  3.113688
   3.09941197  3.08519558  3.07108762  3.05713683  3.043392    3.02990189
   3.01671526  3.0038809   2.99144755  2.979464    2.96797901  2.95704134
   2.94669978  2.93700307  2.928       2.91973933  2.91226982  2.90564026
   2.89989939  2.895096    2.89127885  2.8884967   2.88679834  2.88623251
   2.886848    2.88869357  2.89181798  2.89627002  2.90209843  2.909352
   2.91807949  2.92832966]
 [ 3.324816    3.33905666  3.3516196   3.36255366  3.37190766  3.37973043
   3.38607081  3.39097762  3.39449971  3.3966859   3.39758502  3.39724591
   3.3957174   3.39304831  3.38928749  3.38448376  3.37868595  3.3719429
   3.36430343  3.35581639  3.34653059  3.33649488  3.32575808  3.31436903
   3.30237656  3.2898295   3.27677668  3.26326693  3.24934909  3.23507198
   3.22048445  3.20563531  3.19057341  3.17534757  3.16000662  3.1445994
   3.12917475  3.11378148  3.09846843  3.08328444  3.06827834  3.05349895
   3.03899511  3.02481565  3.01100941  2.99762521  2.98471189  2.97231828
   2.9604932   2.9492855   2.938744    2.92891754  2.91985494  2.91160504
   2.90421667  2.89773867  2.89221986  2.88770907  2.88425514  2.8819069
   2.88071318  2.88072282  2.88198464  2.88454747  2.88846015  2.89377152
   2.90053039  2.90878561]
 [ 3.376768    3.39088066  3.40328641  3.41403413  3.42317268  3.43075094
   3.43681778  3.44142208  3.44461269  3.44643849  3.44694835  3.44619115
   3.44421575  3.44107103  3.43680585  3.43146909  3.42510961  3.4177763
   3.40951801  3.40038363  3.39042202  3.37968204  3.36821259  3.35606251
   3.34328069  3.329916    3.3160173   3.30163347  3.28681338  3.2716059
   3.2560599   3.24022426  3.22414783  3.2078795   3.19146813  3.17496259
   3.15841176  3.14186451  3.12536971  3.10897622  3.09273293  3.07668869
   3.06089239  3.04539289  3.03023906  3.01547978  3.00116391  2.98734032
   2.9740579   2.9613655   2.949312    2.93794627  2.92731718  2.9174736
   2.90846441  2.90033846  2.89314465  2.88693182  2.88174887  2.87764464
   2.87466803  2.8728679   2.87229311  2.87299255  2.87501508  2.87840957
   2.88322489  2.88950992]
 [ 3.427712    3.44168694  3.45392714  3.46448149  3.47339888  3.4807282
   3.48651833  3.49081817  3.49367659  3.4951425   3.49526477  3.49409229
   3.49167396  3.48805866  3.48329527  3.47743269  3.4705198   3.4626055
   3.45373866  3.44396818  3.43334294  3.42191184  3.40972376  3.39682758
   3.3832722   3.3691065   3.35437937  3.33913971  3.32343639  3.3073183
   3.29083434  3.27403338  3.25696433  3.23967606  3.22221746  3.20463743
   3.18698484  3.1693086   3.15165757  3.13408066  3.11662675  3.09934473
   3.08228349  3.0654919   3.04901887  3.03291328  3.01722402  3.00199997
   2.98729003  2.97314308  2.959608    2.94673369  2.93456904  2.92316292
   2.91256424  2.90282188  2.89398472  2.88610165  2.87922156  2.87339335
   2.86866589  2.86508807  2.86270879  2.86157693  2.86174137  2.86325101
   2.86615474  2.87050143]
 [ 3.477504    3.49133032  3.50339548  3.51374837  3.52243785  3.52951283
   3.53502219  3.5390148   3.54153956  3.54264535  3.54238106  3.54079556
   3.53793775  3.5338565   3.52860072  3.52221926  3.51476104  3.50627492
   3.49680979  3.48641454  3.47513805  3.46302921  3.4501369   3.43651
   3.42219741  3.407248    3.39171066  3.37563428  3.35906774  3.34205992
   3.32465971  3.306916    3.28887766  3.27059359  3.25211267  3.23348378
   3.2147558   3.19597763  3.17719815  3.15846624  3.13983078  3.12134067
   3.10304478  3.08499201  3.06723123  3.04981133  3.03278119  3.01618971
   3.00008576  2.98451823  2.969536    2.95518796  2.941523    2.92858999
   2.91643783  2.90511539  2.89467157  2.88515524  2.8766153   2.86910062
   2.8626601   2.85734261  2.85319704  2.85027227  2.8486172   2.8482807
   2.84931167  2.85175897]
 [ 3.526       3.53966564  3.55154515  3.56168739  3.57014122  3.5769555
   3.5821791   3.58586089  3.58804973  3.58879448  3.588144    3.58614716
   3.58285283  3.57830987  3.57256714  3.5656735   3.55767782  3.54862897
   3.53857581  3.5275672   3.515652    3.50287908  3.48929731  3.47495555
   3.45990266  3.4441875   3.42785894  3.41096585  3.39355709  3.37568152
   3.357388    3.3387254   3.31974259  3.30048843  3.28101178  3.2613615
   3.24158646  3.22173553  3.20185757  3.18200144  3.162216    3.14255012
   3.12305267  3.10377251  3.0847585   3.0660595   3.04772438  3.02980201
   3.01234125  2.99539096  2.979       2.96321724  2.94809155  2.93367179
   2.92000682  2.9071455   2.8951367   2.88402929  2.87387213  2.86471408
   2.856604    2.84959076  2.84372323  2.83905027  2.83562074  2.8334835
   2.83268742  2.83328137]
 [ 3.573056    3.58654772  3.59822984  3.60815118  3.61636057  3.62290685
   3.62783883  3.63120534  3.63305522  3.63343729  3.63240038  3.62999332
   3.62626493  3.62126405  3.61503949  3.6076401   3.59911469  3.58951209
   3.57888114  3.56727066  3.55472947  3.54130641  3.52705031  3.51200999
   3.49623427  3.479772    3.46267199  3.44498308  3.42675408  3.40803384
   3.38887117  3.36931491  3.34941388  3.32921691  3.30877283  3.28813046
   3.26733865  3.2464462   3.22550195  3.20455474  3.18365338  3.1628467
   3.14218353  3.12171271  3.10148305  3.08154339  3.06194255  3.04272937
   3.02395266  3.00566126  2.987904    2.9707297   2.95418719  2.9383253
   2.92319286  2.90883869  2.89531162  2.88266049  2.87093411  2.86018132
   2.85045094  2.84179181  2.83425275  2.82788258  2.82273014  2.81884426
   2.81627375  2.81506746]
 [ 3.618528    3.63183138  3.64330325  3.65299237  3.66094754  3.66721752
   3.67185111  3.67489707  3.67640418  3.67642123  3.67499699  3.67218025
   3.66801977  3.66256434  3.65586274  3.64796375  3.63891614  3.6287687
   3.61757019  3.60536942  3.59221514  3.57815614  3.56324119  3.54751909
   3.5310386   3.5138485   3.49599758  3.4775346   3.45850836  3.43896763
   3.41896118  3.39853781  3.37774627  3.35663536  3.33525386  3.31365053
   3.29187417  3.26997354  3.24799743  3.22599462  3.20401389  3.18210401
   3.16031376  3.13869192  3.11728727  3.0961486   3.07532467  3.05486426
   3.03481616  3.01522915  2.996152    2.97763349  2.9597224   2.94246751
   2.9259176   2.91012144  2.89512782  2.88098552  2.8677433   2.85544996
   2.84415427  2.83390501  2.82475096  2.81674089  2.80992359  2.80434783
   2.80006239  2.79711606]
 [ 3.662272    3.67537145  3.68661907  3.69606359  3.70375372  3.70973818
   3.71406569  3.71678497  3.71794473  3.71759371  3.71578061  3.71255415
   3.70796306  3.70205605  3.69488184  3.68648915  3.6769267   3.66624321
   3.65448739  3.64170797  3.62795366  3.61327319  3.59771527  3.58132862
   3.56416195  3.546264    3.52768347  3.50846909  3.48866958  3.46833365
   3.44751002  3.42624741  3.40459454  3.38260013  3.3603129   3.33778157
   3.31505485  3.29218147  3.26921014  3.24618958  3.22316851  3.20019566
   3.17731973  3.15458945  3.13205353  3.1097607   3.08775968  3.06609918
   3.04482792  3.02399462  3.003648    2.98383678  2.96460968  2.94601541
   2.92810269  2.91092026  2.89451681  2.87894107  2.86424177  2.85046762
   2.83766733  2.82588963  2.81518323  2.80559686  2.79717924  2.78997907
   2.78404509  2.77942601]
 [ 3.704144    3.71702274  3.72803101  3.73721745  3.74463071  3.75031945
   3.75433231  3.75671795  3.75752501  3.75680215  3.75459802  3.75096126
   3.74594053  3.73958447  3.73194175  3.723061    3.71299089  3.70178005
   3.68947715  3.67613082  3.66178973  3.64650252  3.63031784  3.61328434
   3.59545068  3.5768655   3.55757746  3.5376352   3.51708737  3.49598263
   3.47436963  3.45229702  3.42981344  3.40696755  3.383808    3.36038344
   3.33674251  3.31293388  3.28900619  3.26500808  3.24098822  3.21699526
   3.19307783  3.16928459  3.1456642   3.12226531  3.09913656  3.0763266
   3.05388409  3.03185767  3.010296    2.98924773  2.9687615   2.94888597
   2.92966979  2.91116161  2.89341008  2.87646385  2.86037157  2.84518189
   2.83094346  2.81770493  2.80551495  2.79442218  2.78447526  2.77572284
   2.76821358  2.76199613]
 [ 3.744       3.7566401   3.76739277  3.77630659  3.78343014  3.788812
   3.79250074  3.79454493  3.79499315  3.79389398  3.791296    3.78724778
   3.78179789  3.77499491  3.76688742  3.757524    3.74695322  3.73522365
   3.72238387  3.70848246  3.693568    3.67768906  3.66089421  3.64323203
   3.6247511   3.6055      3.5855273   3.56488157  3.54361139  3.52176534
   3.499392    3.47653994  3.45325773  3.42959395  3.40559718  3.381316
   3.35679898  3.33209469  3.30725171  3.28231862  3.257344    3.23237642
   3.20746445  3.18265667  3.15800166  3.133548    3.10934426  3.08543901
   3.06188083  3.0387183   3.016       2.9937745   2.97209037  2.95099619
   2.93054054  2.910772    2.89173914  2.87349053  2.85607475  2.83954038
   2.823936    2.80931018  2.79571149  2.78318851  2.77178982  2.761564
   2.75255962  2.74482525]
 [ 3.781696    3.79407833  3.80455804  3.81318364  3.82000361  3.82506647
   3.8284207   3.83011481  3.83019728  3.82871663  3.82572134  3.82125992
   3.81538086  3.80813266  3.79956382  3.78972284  3.7786582   3.76641842
   3.75305199  3.7386074   3.72313315  3.70667775  3.68928968  3.67101746
   3.65190956  3.6320145   3.61138077  3.59005686  3.56809128  3.54553253
   3.52242909  3.49882947  3.47478216  3.45033567  3.42553849  3.40043912
   3.37508606  3.3495278   3.32381284  3.29798968  3.27210682  3.24621275
   3.22035597  3.19458498  3.16894829  3.14349437  3.11827174  3.09332889
   3.06871432  3.04447652  3.020664    2.99732525  2.97450877  2.95226305
   2.9306366   2.90967791  2.88943548  2.8699578   2.85129339  2.83349072
   2.8165983   2.80066464  2.78573821  2.77186753  2.7591011   2.7474874
   2.73707493  2.7279122 ]
 [ 3.817088    3.82919226  3.83938053  3.84770121  3.85420273  3.8589335
   3.86194195  3.86327649  3.86298554  3.86111751  3.85772083  3.85284391
   3.84653517  3.83884303  3.8298159   3.81950221  3.80795036  3.79520879
   3.7813259   3.76635012  3.75032986  3.73331353  3.71534957  3.69648638
   3.67677238  3.656256    3.63498564  3.61300973  3.59037669  3.56713493
   3.54333286  3.51901892  3.49424151  3.46904905  3.44348997  3.41761267
   3.39146558  3.36509712  3.3385557   3.31188973  3.28514765  3.25837786
   3.23162878  3.20494884  3.17838644  3.15199002  3.12580797  3.09988873
   3.07428071  3.04903233  3.024192    2.99980815  2.97592918  2.95260353
   2.92987961  2.90780582  2.88643061  2.86580237  2.84596953  2.8269805
   2.80888371  2.79172757  2.7755605   2.76043092  2.74638724  2.73347789
   2.72175127  2.71125582]
 [ 3.850032    3.86183672  3.87171392  3.87971194  3.8858791   3.89026376
   3.89291424  3.89387889  3.89320605  3.89094406  3.88714125  3.88184596
   3.87510653  3.86697131  3.85748862  3.84670681  3.83467422  3.82143918
   3.80705004  3.79155512  3.77500278  3.75744135  3.73891917  3.71948457
   3.69918591  3.6780715   3.6561897   3.63358884  3.61031726  3.5864233
   3.5619553   3.53696159  3.51149052  3.48559042  3.45930964  3.43269651
   3.40579937  3.37866655  3.35134641  3.32388727  3.29633747  3.26874536
   3.24115927  3.21362754  3.18619851  3.15892052  3.13184191  3.10501101
   3.07847617  3.05228572  3.026488    3.00113135  2.97626411  2.95193462
   2.92819122  2.90508224  2.88265602  2.86096091  2.84004523  2.81995734
   2.80074557  2.78245825  2.76514373  2.74885035  2.73362643  2.71952033
   2.70658038  2.69485492]
 [ 3.880384    3.89186654  3.90141193  3.90906845  3.91488434  3.91890787
   3.92118731  3.92177092  3.92070696  3.91804369  3.91382938  3.90811228
   3.90094067  3.8923628   3.88242694  3.87118134  3.85867428  3.84495402
   3.83006881  3.81406692  3.79699661  3.77890615  3.75984379  3.73985781
   3.71899646  3.697308    3.6748407   3.65164283  3.62776263  3.60324839
   3.57814835  3.55251079  3.52638396  3.49981612  3.47285555  3.4455505
   3.41794923  3.39010001  3.3620511   3.33385076  3.30554726  3.27718886
   3.24882382  3.2205004   3.19226687  3.16417149  3.13626252  3.10858822
   3.08119686  3.0541367   3.027456    3.00120303  2.97542604  2.9501733
   2.92549308  2.90143363  2.87804322  2.85537011  2.83346257  2.81236885
   2.79213722  2.77281594  2.75445327  2.73709748  2.72079683  2.70559958
   2.691554    2.67870835]
 [ 3.908       3.91913653  3.92832826  3.93562336  3.94107005  3.9447165
   3.94661091  3.94680148  3.94533638  3.94226383  3.937632    3.93148909
   3.9238833   3.9148628   3.90447581  3.8927705   3.87979507  3.86559772
   3.85022662  3.83372999  3.816156    3.79755285  3.77796874  3.75745184
   3.73605037  3.7138125   3.69078643  3.66702036  3.64256246  3.61746095
   3.591764    3.56551981  3.53877658  3.51158248  3.48398573  3.4560345
   3.42777699  3.3992614   3.3705359   3.34164871  3.312648    3.28358197
   3.25449882  3.22544672  3.19647389  3.1676285   3.13895875  3.11051284
   3.08233894  3.05448527  3.027       2.99993133  2.97332746  2.94723656
   2.92170685  2.8967865   2.87252371  2.84896668  2.82616358  2.80416263
   2.783012    2.76275989  2.7434545   2.725144    2.70787661  2.6917005
   2.67666387  2.66281492]
 [ 3.932736    3.94350153  3.95231659  3.95922932  3.96428784  3.96754029
   3.96903479  3.96881947  3.96694247  3.9634519   3.9583959   3.95182261
   3.94378013  3.93431662  3.92348019  3.91131898  3.8978811   3.88321471
   3.86736791  3.85038884  3.83232563  3.81322641  3.79313931  3.77211246
   3.75019398  3.727432    3.70387466  3.67957008  3.65456639  3.62891173
   3.60265421  3.57584197  3.54852314  3.52074585  3.49255822  3.46400838
   3.43514447  3.40601462  3.37666694  3.34714958  3.31751066  3.2877983
   3.25806064  3.22834581  3.19870194  3.16917715  3.13981958  3.11067735
   3.08179859  3.05323143  3.025024    2.99722443  2.96988085  2.94304139
   2.91675417  2.89106733  2.86602899  2.84168729  2.81809034  2.79528629
   2.77332326  2.75224938  2.73211278  2.71296159  2.69484393  2.67780794
   2.66190174  2.64717346]
 [ 3.954448    3.96481634  3.97323063  3.97973893  3.98438932  3.98722988
   3.98830869  3.98767381  3.98537334  3.98145533  3.97596787  3.96895904
   3.96047691  3.95056955  3.93928504  3.92667147  3.9127769   3.89764941
   3.88133707  3.86388797  3.84535018  3.82577177  3.80520082  3.78368541
   3.76127361  3.7380135   3.71395316  3.68914065  3.66362406  3.63745147
   3.61067094  3.58333056  3.5554784   3.52716254  3.49843105  3.46933201
   3.4399135   3.41022358  3.38031035  3.35022186  3.32000621  3.28971146
   3.25938569  3.22907698  3.1988334   3.16870304  3.13873395  3.10897423
   3.07947195  3.05027518  3.021432    2.99299049  2.96499871  2.93750476
   2.9105567   2.8842026   2.85849056  2.83346863  2.80918491  2.78568745
   2.76302435  2.74124368  2.7203935   2.7005219   2.68167696  2.66390675
   2.64725934  2.63178282]
 [ 3.972992    3.98293581  3.99092408  3.99700483  4.0012261   4.00363594
   4.00428236  4.00321341  4.00047713  3.99612154  3.99019469  3.9827446
   3.97381933  3.96346689  3.95173532  3.93867267  3.92432697  3.90874624
   3.89197853  3.87407187  3.8550743   3.83503386  3.81399857  3.79201647
   3.7691356   3.745404    3.7208697   3.69558073  3.66958513  3.64293093
   3.61566618  3.5878389   3.55949713  3.53068891  3.50146227  3.47186525
   3.44194588  3.4117522   3.38133224  3.35073404  3.32000563  3.28919505
   3.25835034  3.22751953  3.19675065  3.16609174  3.13559084  3.10529598
   3.0752552   3.04551653  3.016128    2.98713766  2.95859353  2.93054366
   2.90303608  2.87611882  2.84983992  2.82424741  2.79938933  2.77531372
   2.75206861  2.72970203  2.70826203  2.68779663  2.66835387  2.64998179
   2.63272842  2.6166418 ]
 [ 3.988224    3.99771476  4.00525064  4.01087965  4.01464979  4.01660909
   4.01680555  4.01528717  4.01210197  4.00729796  4.00092314  3.99302552
   3.98365312  3.97285394  3.96067599  3.94716728  3.93237583  3.91634963
   3.8991367   3.88078505  3.86134269  3.84085762  3.81937786  3.79695141
   3.77362629  3.7494505   3.72447205  3.69873896  3.67229922  3.64520086
   3.61749187  3.58922027  3.56043408  3.53118128  3.50150991  3.47146796
   3.44110344  3.41046437  3.37959875  3.34855459  3.3173799   3.2861227
   3.25483098  3.22355277  3.19233606  3.16122887  3.1302792   3.09953508
   3.06904449  3.03885546  3.009016    2.97957411  2.9505778   2.92207508
   2.89411396  2.86674245  2.84000856  2.8139603   2.78864568  2.7641127
   2.74040938  2.71758372  2.69568374  2.67475744  2.65485283  2.63601792
   2.61830073  2.60174926]
 [ 4.          4.009008    4.016064    4.021216    4.024512    4.026
   4.025728    4.023744    4.020096    4.014832    4.008       3.999648
   3.989824    3.978576    3.965952    3.952       3.936768    3.920304
   3.902656    3.883872    3.864       3.843088    3.821184    3.798336
   3.774592    3.75        3.724608    3.698464    3.671616    3.644112
   3.616       3.587328    3.558144    3.528496    3.498432    3.468
   3.437248    3.406224    3.374976    3.343552    3.312       3.280368
   3.248704    3.217056    3.185472    3.154       3.122688    3.091584
   3.060736    3.030192    3.          2.970208    2.940864    2.912016
   2.883712    2.856       2.828928    2.802544    2.776896    2.752032
   2.728       2.704848    2.682624    2.661376    2.641152    2.622
   2.603968    2.587104  ]
 [ 4.008176    4.01667037  4.02321787  4.02786652  4.03066433  4.03165931
   4.03089946  4.02843281  4.02430735  4.0185711   4.01127206  4.00245826
   3.99217769  3.98047837  3.96740831  3.95301552  3.937348    3.92045377
   3.90238084  3.88317722  3.86289091  3.84156993  3.81926229  3.796016
   3.77187907  3.7468995   3.72112531  3.69460451  3.6673851   3.63951511
   3.61104253  3.58201538  3.55248166  3.5224894   3.49208659  3.46132124
   3.43024138  3.398895    3.36733012  3.33559475  3.3037369   3.27180457
   3.23984578  3.20790854  3.17604085  3.14429073  3.11270619  3.08133524
   3.05022588  3.01942613  2.988984    2.9589475   2.92936463  2.90028341
   2.87175184  2.84381795  2.81652973  2.7899352   2.76408236  2.73901923
   2.71479382  2.69145414  2.66904819  2.64762399  2.62722955  2.60791288
   2.58972198  2.57270487]
 [ 4.012608    4.02055668  4.02656594  4.03068383  4.03295839  4.03343766
   4.03216968  4.0292025   4.02458415  4.01836267  4.01058611  4.00130251
   3.99055991  3.97840635  3.96488988  3.95005853  3.93396034  3.91664337
   3.89815564  3.8785452   3.8578601   3.83614836  3.81345805  3.78983719
   3.76533382  3.739996    3.71387176  3.68700914  3.65945618  3.63126093
   3.60247142  3.57313571  3.54330182  3.5130178   3.4823317   3.45129155
   3.4199454   3.38834128  3.35652724  3.32455132  3.29246157  3.26030601
   3.2281327   3.19598968  3.16392498  3.13198666  3.10022274  3.06868127
   3.0374103   3.00645786  2.975872    2.94570076  2.91599217  2.88679429
   2.85815514  2.83012278  2.80274525  2.77607058  2.75014682  2.72502201
   2.70074419  2.6773614   2.65492169  2.63347309  2.61306365  2.59374141
   2.5755544   2.55855068]
 [ 4.013152    4.02052176  4.02596192  4.02952057  4.0312458   4.03118572
   4.02938841  4.02590198  4.02077453  4.01405415  4.00578893  3.99602697
   3.98481638  3.97220525  3.95824166  3.94297373  3.92644955  3.90871721
   3.88982481  3.86982045  3.84875222  3.82666823  3.80361656  3.77964532
   3.7548026   3.7291365   3.70269511  3.67552654  3.64767887  3.61920021
   3.59013866  3.5605423   3.53045923  3.49993756  3.46902538  3.43777079
   3.40622188  3.37442674  3.34243349  3.3102902   3.27804499  3.24574595
   3.21344116  3.18117874  3.14900678  3.11697336  3.0851266   3.05351459
   3.02218542  2.99118719  2.960568    2.93037594  2.90065912  2.87146562
   2.84284355  2.814841    2.78750606  2.76088684  2.73503144  2.70998794
   2.68580445  2.66252906  2.64020987  2.61889497  2.59863247  2.57947045
   2.56145702  2.54464028]
 [ 4.009664    4.01642045  4.0212595   4.02422935  4.02537816  4.02475411
   4.02240539  4.01838017  4.01272663  4.00549294  3.9967273   3.98647786
   3.97479282  3.96172035  3.94730862  3.93160582  3.91466013  3.89651972
   3.87723277  3.85684746  3.83541197  3.81297447  3.78958315  3.76528618
   3.74013173  3.714168    3.68744315  3.66000537  3.63190283  3.60318371
   3.57389619  3.54408845  3.51380866  3.48310501  3.45202567  3.42061882
   3.38893263  3.3570153   3.32491498  3.29267987  3.26035814  3.22799797
   3.19564754  3.16335502  3.1311686   3.09913645  3.06730675  3.03572767
   3.0044474   2.97351412  2.942976    2.91288122  2.88327796  2.8542144
   2.82573871  2.79789907  2.77074367  2.74432068  2.71867827  2.69386463
   2.66992794  2.64691636  2.62487809  2.6038613   2.58391416  2.56508486
   2.54742158  2.53097248]
 [ 4.002       4.00810755  4.01231238  4.0146628   4.01520707  4.0139935
   4.01107037  4.00648596  4.00028858  3.99252649  3.983248    3.97250139
   3.96033494  3.94679696  3.93193571  3.9157995   3.89843661  3.87989532
   3.86022394  3.83947073  3.817684    3.79491203  3.7712031   3.74660552
   3.72116755  3.6949375   3.66796365  3.64029428  3.6119777   3.58306217
   3.553596    3.52362747  3.49320486  3.46237648  3.43119059  3.3996955
   3.36793949  3.33597084  3.30383786  3.27158881  3.239272    3.20693571
   3.17462822  3.14239784  3.11029283  3.0783615   3.04665213  3.015213
   2.98409242  2.95333865  2.923       2.89312475  2.86376118  2.8349576
   2.80676227  2.7792235   2.75238957  2.72630876  2.70102938  2.67659969
   2.653068    2.63048259  2.60889174  2.58834376  2.56888691  2.5505695
   2.53343981  2.51754612]
 [ 3.990016    3.9954379   3.99897427  4.00067354  4.00058416  3.99875453
   3.99523309  3.99006827  3.98330851  3.97500221  3.96519782  3.95394377
   3.94128848  3.92728037  3.91196789  3.89539946  3.8776235   3.85868844
   3.83864272  3.81753476  3.79541299  3.77232584  3.74832174  3.72344911
   3.69775639  3.671292    3.64410437  3.61624193  3.58775312  3.55868634
   3.52909005  3.49901266  3.4685026   3.4376083   3.40637819  3.3748607
   3.34310426  3.3111573   3.27906823  3.2468855   3.21465754  3.18243276
   3.1502596   3.11818648  3.08626185  3.05453411  3.02305171  2.99186307
   2.96101662  2.93056079  2.900544    2.87101469  2.84202128  2.81361221
   2.78583589  2.75874077  2.73237526  2.7067878   2.68202682  2.65814073
   2.63517798  2.61318699  2.5922162   2.57231401  2.55352888  2.53590922
   2.51950346  2.50436003]
 [ 3.973568    3.97826631  3.98109885  3.98211422  3.98136101  3.97888784
   3.97474331  3.96897601  3.96163455  3.95276753  3.94242355  3.93065122
   3.91749914  3.9030159   3.88725012  3.87025039  3.85206531  3.8327435
   3.81233354  3.79088405  3.76844362  3.74506085  3.72078436  3.69566273
   3.66974458  3.6430785   3.6157131   3.58769698  3.55907874  3.52990698
   3.5002303   3.47009732  3.43955662  3.40865682  3.37744651  3.34597429
   3.31428877  3.28243856  3.25047224  3.21843843  3.18638573  3.15436273
   3.12241805  3.09060027  3.05895802  3.02753988  2.99639445  2.96557035
   2.93511618  2.90508052  2.875512    2.84645921  2.81797074  2.79009521
   2.76288122  2.73637736  2.71063225  2.68569448  2.66161265  2.63843537
   2.61621123  2.59498885  2.57481682  2.55574374  2.53781823  2.52108887
   2.50560427  2.49141304]
 [ 3.952512    3.95644762  3.95853983  3.95883744  3.95738926  3.9542441
   3.94945076  3.94305807  3.93511484  3.92566987  3.91477197  3.90246996
   3.88881264  3.87384884  3.85762735  3.84019699  3.82160658  3.80190491
   3.78114081  3.75936309  3.73662054  3.712962    3.68843626  3.66309214
   3.63697845  3.610144    3.5826376   3.55450806  3.5258042   3.49657482
   3.46686874  3.43673476  3.4062217   3.37537836  3.34425357  3.31289613
   3.28135485  3.24967854  3.21791601  3.18611608  3.15432755  3.12259924
   3.09097996  3.05951851  3.02826372  2.99726438  2.96656932  2.93622734
   2.90628725  2.87679787  2.847808    2.81936646  2.79152205  2.7643236
   2.7378199   2.71205978  2.68709203  2.66296548  2.63972893  2.6174312
   2.59612109  2.57584742  2.55665899  2.53860462  2.52173313  2.50609331
   2.49173399  2.47870397]
 [ 3.926704    3.92983665  3.93115091  3.93069584  3.9285205   3.92467393
   3.91920521  3.91216338  3.90359751  3.89355665  3.88208986  3.86924619
   3.85507471  3.83962448  3.82294454  3.80508396  3.7860918   3.76601711
   3.74490895  3.72281638  3.69978845  3.67587422  3.65112276  3.62558311
   3.59930434  3.5723355   3.54472565  3.51652385  3.48777916  3.45854062
   3.42885731  3.39877828  3.36835258  3.33762928  3.30665742  3.27548608
   3.2441643   3.21274114  3.18126566  3.14978693  3.11835398  3.0870159
   3.05582172  3.02482051  2.99406133  2.96359323  2.93346527  2.90372651
   2.87442601  2.84561282  2.817336    2.78964461  2.76258771  2.73621435
   2.71057359  2.68571449  2.66168611  2.6385375   2.61631772  2.59507584
   2.5748609   2.55572196  2.53770808  2.52086833  2.50525175  2.4909074
   2.47788435  2.46623165]
 [ 3.896       3.89828822  3.89878579  3.89754205  3.89460634  3.890028
   3.88385638  3.87614083  3.86693069  3.8562753   3.844224    3.83082614
   3.81613107  3.80018813  3.78304666  3.764756    3.7453655   3.72492451
   3.70348237  3.68108842  3.657792    3.63364246  3.60868915  3.58298141
   3.55656858  3.5295      3.50182502  3.47359299  3.44485325  3.41565514
   3.386048    3.35608118  3.32580403  3.29526589  3.2645161   3.233604
   3.20257894  3.17149027  3.14038733  3.10931946  3.078336    3.0474863
   3.01681971  2.98638557  2.95623322  2.926412    2.89697126  2.86796035
   2.83942861  2.81142538  2.784       2.75720182  2.73108019  2.70568445
   2.68106394  2.657268    2.63434598  2.61234723  2.59132109  2.5713169
   2.552384    2.53457174  2.51792947  2.50250653  2.48835226  2.475516
   2.4640471   2.45399491]
 [ 3.860256    3.86165716  3.86129817  3.85922868  3.85549839  3.85015695
   3.84325404  3.83483934  3.82496251  3.81367324  3.80102118  3.78705603
   3.77182743  3.75538508  3.73777865  3.7190578   3.6992722   3.67847154
   3.65670548  3.6340237   3.61047587  3.58611166  3.56098075  3.5351328
   3.50861749  3.4814845   3.45378349  3.42556414  3.39687612  3.36776911
   3.33829277  3.30849678  3.27843081  3.24814454  3.21768763  3.18710976
   3.15646061  3.12578984  3.09514713  3.06458215  3.03414458  3.00388408
   2.97385032  2.944093    2.91466176  2.88560629  2.85697626  2.82882135
   2.80119122  2.77413554  2.747704    2.72194626  2.696912    2.67265088
   2.64921259  2.62664679  2.60500315  2.58433136  2.56468108  2.54610198
   2.52864374  2.51235604  2.49728853  2.4834909   2.47101282  2.45990396
   2.45021399  2.44199259]
 [ 3.819328    3.81979829  3.81854174  3.81560837  3.81104826  3.80491142
   3.79724793  3.78810781  3.77754112  3.7655979   3.75232819  3.73778205
   3.72200952  3.70506065  3.68698547  3.66783405  3.64765642  3.62650262
   3.60442271  3.58146674  3.55768474  3.53312676  3.50784285  3.48188306
   3.45529743  3.428136    3.40044883  3.37228595  3.34369742  3.31473329
   3.28544358  3.25587836  3.22608767  3.19612156  3.16603006  3.13586323
   3.10567111  3.07550376  3.0454112   3.0154435   2.98565069  2.95608282
   2.92678994  2.8978221   2.86922933  2.8410617   2.81336923  2.78620198
   2.75961     2.73364332  2.708352    2.68378608  2.65999561  2.63703063
   2.6149412   2.59377734  2.57358912  2.55442658  2.53633976  2.51937871
   2.50359347  2.4890341   2.47575063  2.46379311  2.4532116   2.44405613
   2.43637675  2.4302235 ]
 [ 3.773072    3.77256644  3.7703702   3.76653375  3.76110755  3.75414208
   3.74568779  3.73579515  3.72451463  3.71189669  3.69799181  3.68285044
   3.66652305  3.64906012  3.63051209  3.61092945  3.59036266  3.56886217
   3.54647847  3.52326201  3.49926326  3.47453269  3.44912077  3.42307795
   3.3964547   3.3693015   3.3416688   3.31360708  3.2851668   3.25639842
   3.22735242  3.19807925  3.16862938  3.13905329  3.10940143  3.07972427
   3.05007228  3.02049592  2.99104566  2.96177197  2.93272531  2.90395615
   2.87551495  2.84745219  2.81981831  2.7926638   2.76603912  2.73999474
   2.71458111  2.68984871  2.665848    2.64262945  2.62024352  2.59874069
   2.57817141  2.55858616  2.54003539  2.52256958  2.50623918  2.49109468
   2.47718653  2.46456519  2.45328115  2.44338485  2.43492677  2.42795737
   2.42252712  2.41868649]
 [ 3.721344    3.71981643  3.71663726  3.71185743  3.70552789  3.69769955
   3.68842337  3.67775027  3.66573118  3.65241705  3.63785882  3.6221074
   3.60521375  3.58722879  3.56820346  3.5481887   3.52723544  3.50539462
   3.48271717  3.45925403  3.43505613  3.41017441  3.3846598   3.35856324
   3.33193566  3.304828    3.2772912   3.24937618  3.22113389  3.19261527
   3.16387123  3.13495273  3.10591069  3.07679606  3.04765976  3.01855274
   2.98952592  2.96063024  2.93191664  2.90343606  2.87523942  2.84737767
   2.81990174  2.79286256  2.76631107  2.74029821  2.7148749   2.6900921
   2.66600072  2.64265171  2.620096    2.59838453  2.57756823  2.55769803
   2.53882488  2.52099971  2.50427345  2.48869704  2.47432142  2.46119751
   2.44937626  2.43890859  2.42984545  2.42223778  2.4161365   2.41159254
   2.40865686  2.40738038]
 [ 3.664       3.66140308  3.65719661  3.65143205  3.64416086  3.6354345
   3.62530442  3.61382207  3.60103891  3.5870064   3.571776    3.55539916
   3.53792733  3.51941197  3.49990454  3.4794565   3.4581193   3.43594439
   3.41298323  3.38928728  3.364908    3.33989684  3.31430525  3.28818469
   3.26158662  3.2345625   3.20716378  3.17944191  3.15144835  3.12323456
   3.094852    3.06635212  3.03778637  3.00920621  2.9806631   2.9522085
   2.92389386  2.89577063  2.86789027  2.84030424  2.813064    2.786221
   2.75982669  2.73393253  2.70858998  2.6838505   2.65976554  2.63638655
   2.61376499  2.59195232  2.571       2.55095948  2.53188221  2.51381965
   2.49682326  2.4809445   2.46623482  2.45274567  2.44052851  2.4296348
   2.420116    2.41202356  2.40540893  2.40032357  2.39681894  2.3949465
   2.3947577   2.39630399]
 [ 3.600896    3.59718122  3.59190195  3.58511023  3.5768581   3.56719757
   3.55618068  3.54385946  3.53028595  3.51551217  3.49959014  3.48257192
   3.46450951  3.44545496  3.42546029  3.40457754  3.38285873  3.36035589
   3.33712107  3.31320628  3.28866355  3.26354493  3.23790243  3.21178809
   3.18525393  3.158352    3.13113432  3.10365291  3.07595982  3.04810707
   3.02014669  2.99213071  2.96411116  2.93614008  2.90826949  2.88055142
   2.85303791  2.82578098  2.79883267  2.77224501  2.74607002  2.72035973
   2.69516619  2.67054141  2.64653742  2.62320627  2.60059998  2.57877057
   2.55777009  2.53765055  2.518464    2.50026246  2.48309796  2.46702253
   2.4520882   2.43834701  2.42585098  2.41465214  2.40480253  2.39635417
   2.3893591   2.38386935  2.37993694  2.37761391  2.37695228  2.3780041
   2.38082138  2.38545616]
 [ 3.531888    3.52700567  3.52060698  3.5127446   3.50347119  3.4928394
   3.48090191  3.46771136  3.45332043  3.43778176  3.42114803  3.4034719
   3.38480601  3.36520305  3.34471566  3.32339651  3.30129826  3.27847356
   3.25497509  3.2308555   3.20616746  3.18096361  3.15529664  3.12921918
   3.10278392  3.0760435   3.04905059  3.02185785  2.99451794  2.96708353
   2.93960726  2.91214181  2.88473984  2.857454    2.83033696  2.80344137
   2.77681991  2.75052522  2.72460997  2.69912683  2.67412845  2.64966749
   2.62579662  2.60256849  2.58003577  2.55825112  2.53726719  2.51713666
   2.49791217  2.4796464   2.462392    2.44620163  2.43112796  2.41722365
   2.40454135  2.39313372  2.38305344  2.37435316  2.36708553  2.36130323
   2.35705891  2.35440524  2.35339486  2.35408046  2.35651468  2.36075019
   2.36683964  2.37483571]]
